-------------------------
 1
-------------------------
-------------------------
 1 2
-------------------------
-------------------------
 2
 2
-------------------------
-------------------------
 1 4
 2 3
-------------------------
-------------------------
 1 8 7
 2 9 6
 3 4 5
-------------------------
-------------------------
  1 12 11 10
  2 13 16  9
  3 14 15  8
  4  5  6  7
-------------------------
-------------------------
  1 16 15 14 13
  2 17 24 23 12
  3 18 25 22 11
  4 19 20 21 10
  5  6  7  8  9
-------------------------
-------------------------
  1 18 17 16 15 14 13
  2 19 28 27 26 25 12
  3 20 21 22 23 24 11
  4  5  6  7  8  9 10
-------------------------
-------------------------
  1 18 17 16
  2 19 28 15
  3 20 27 14
  4 21 26 13
  5 22 25 12
  6 23 24 11
  7  8  9 10
-------------------------
-------------------------
  1 20 19 18 17 16 15 14
  2 21 32 31 30 29 28 13
  3 22 23 24 25 26 27 12
  4  5  6  7  8  9 10 11
-------------------------
-------------------------
  1 16 15 14
  2 17 24 13
  3 18 23 12
  4 19 22 11
  5 20 21 10
  6  7  8  9
-------------------------
-------------------------
   1  54  53  52  51  50  49  48  47  46  45  44  43  42
   2  55 100  99  98  97  96  95  94  93  92  91  90  41
   3  56 101 138 137 136 135 134 133 132 131 130  89  40
   4  57 102 139 168 167 166 165 164 163 162 129  88  39
   5  58 103 140 169 190 189 188 187 186 161 128  87  38
   6  59 104 141 170 191 204 203 202 185 160 127  86  37
   7  60 105 142 171 192 205 210 201 184 159 126  85  36
   8  61 106 143 172 193 206 209 200 183 158 125  84  35
   9  62 107 144 173 194 207 208 199 182 157 124  83  34
  10  63 108 145 174 195 196 197 198 181 156 123  82  33
  11  64 109 146 175 176 177 178 179 180 155 122  81  32
  12  65 110 147 148 149 150 151 152 153 154 121  80  31
  13  66 111 112 113 114 115 116 117 118 119 120  79  30
  14  67  68  69  70  71  72  73  74  75  76  77  78  29
  15  16  17  18  19  20  21  22  23  24  25  26  27  28
-------------------------
-------------------------
  1 18 17 16 15 14
  2 19 28 27 26 13
  3 20 29 30 25 12
  4 21 22 23 24 11
  5  6  7  8  9 10
-------------------------
-------------------------
  1 44 43 42 41
  2 45 80 79 40
  3 46 95 78 39
  4 47108 77 38
  5 48107 76 37
  6 49106 75 36
  7 50105 74 35
  8 51104 73 34
  9 52103 72 33
 10 53102 71 32
 11 54101 70 31
 12 55100 69 30
 13 56 99 68 29
 14 57 98 67 28
 15 58 97 66 27
 16 59 96 65 26
 17 60 95 64 25
 18 61 62 63 24
 19 20 21 22 23
-------------------------
-------------------------
  1 32 31 30 29 28 27 26 25 24 23 22 21 20
  2 33 56 55 54 53 52 51 50 49 48 47 46 19
  3 34 35 36 37 38 39 40 41 42 43 44 45 18
  4  5  6  7  8  9 10 11 12 13 14 15 16 17
-------------------------
